0      -3.45789  2.15083  -1.90917 -3.29591  2.15225  -1.90871 -3.29745  2.31245  -1.90922 -3.45979  2.31126  -1.90935
212    -3.51324  1.77826  -1.88123 -3.35148  1.77991  -1.88058 -3.35298  1.94057  -1.87814 -3.51444  1.9389   -1.87705
211    -2.97041  1.72401  -1.88234 -2.80937  1.72505  -1.88145 -2.81036  1.88587  -1.87979 -2.97168  1.88471  -1.8802
210    -2.61162  1.47188  -1.88167 -2.45044  1.47112  -1.88019 -2.44955  1.63232  -1.88134 -2.61059  1.63253  -1.87922
207    -2.19851  1.70373  -1.87919 -2.03762  1.7064   -1.87777 -2.04025  1.86704  -1.87768 -2.20136  1.86409  -1.87879
209    -2.24278  1.33242  -1.87714 -2.08194  1.32421  -1.87568 -2.07385  1.48479  -1.877 -2.23469  1.49269  -1.88001
2      -2.49016  2.24456  -1.91077 -2.32887  2.23917  -1.9103 -2.32365  2.39926  -1.91126 -2.4847   2.40431  -1.91049
7      -3.83281  2.85051  -1.90564 -3.67074  2.84546  -1.90549 -3.66693  3.00613  -1.90756 -3.82841  3.01001  -1.90619
199    -2.94368  2.71028  -1.91234 -2.78208  2.71068  -1.91148 -2.78214  2.87106  -1.91118 -2.94367  2.87078  -1.91029
28     -2.03504  2.77388  -1.91261 -1.87382  2.77255  -1.91192 -1.87303  2.93289  -1.91094 -2.03437  2.9345   -1.91169
147    -4.42378  2.79379  -1.90891 -4.26183  2.79188  -1.90922 -4.26062  2.95264  -1.90876 -4.42243  2.95466  -1.90933
138    -4.44691  1.87112  -1.90844 -4.28544  1.87645  -1.90794 -4.29026  2.03707  -1.90634 -4.45238  2.03155  -1.90844
4      -3.95021  1.4678   -1.90005 -3.78853  1.46724  -1.90156 -3.78756  1.62799  -1.90188 -3.94897  1.6282   -1.89959
124    -3.5276   0.78733  -1.90214 -3.36634  0.78432  -1.90026 -3.36122  0.94404  -1.90392 -3.52229  0.94852  -1.8984
148    -2.91047  0.81247  -1.90588 -2.74908  0.81883  -1.90386 -2.75481  0.97894  -1.90644 -2.91617  0.97302  -1.906
146    -2.42149  0.65073  -1.90082 -2.25975  0.65153  -1.90031 -2.26001  0.81229  -1.90311 -2.42153  0.81177  -1.90341
215    -1.89089  0.67653  -1.90171 -1.72984  0.68239  -1.90166 -1.7356   0.84247  -1.90487 -1.89687  0.83691  -1.90407
119    -1.60817  1.13856  -1.90321 -1.44687  1.13784  -1.90551 -1.44629  1.29859  -1.90706 -1.60778  1.2992   -1.9047
1      -1.7403   1.7433   -1.90701 -1.57895  1.73978  -1.90971 -1.5755   1.90055  -1.90818 -1.73686  1.90376  -1.90755
202    -1.70294  2.28593  -1.91066 -1.54154  2.28843  -1.91103 -1.5442   2.44927  -1.90971 -1.70548  2.44652  -1.91082
213    -1.35854  1.67611  -1.9088 -1.19718  1.67717  -1.90943 -1.19844  1.83819  -1.90669 -1.3598   1.837    -1.90871
5      -1.18619  2.24244  -1.9098 -1.02519  2.22965  -1.9106 -1.01239  2.38992  -1.91035 -1.17338  2.40278  -1.90926
116    -0.97174  1.60033  -1.9094 -0.81014  1.59955  -1.91021 -0.80942  1.76019  -1.91002 -0.97089  1.76081  -1.90851
204    -0.79588  2.10469  -1.91024 -0.63459  2.09855  -1.91078 -0.62819  2.25915  -1.90957 -0.78923  2.26519  -1.90995
6      -0.3206   1.7029   -1.90766 -0.15924  1.69961  -1.90824 -0.15577  1.85952  -1.90688 -0.317    1.86306  -1.9085
205    -0.18193  2.14316  -1.90864 -0.02058  2.14978  -1.90877 -0.02666  2.31023  -1.90766 -0.18809  2.30388  -1.90797
123    -0.49703  2.54438  -1.90864 -0.33591  2.53707  -1.90785 -0.32851  2.69739  -1.90563 -0.48959  2.70437  -1.9072
203    -1.26268  2.71204  -1.91126 -1.1016   2.71365  -1.91132 -1.10327  2.87442  -1.90972 -1.26441  2.87276  -1.9103
3      -1.19512  0.75938  -1.90086 -1.03397  0.76141  -1.90022 -1.03608  0.92212  -1.90248 -1.19785  0.91965  -1.90312
13     -0.60218  0.7197   -1.4578 -0.44075  0.72556  -1.4586 -0.44669  0.8859   -1.46071 -0.60801  0.8801   -1.45932
11     -0.06318  0.90643  -1.46172 0.09729   0.92313  -1.46116 0.08089   1.08277  -1.46212 -0.07945  1.0664   -1.46078
135    0.43776   0.24483  -1.45228 0.59878   0.25037  -1.4516 0.5939    0.4097   -1.45429 0.43283   0.40475  -1.45346
110    1.37624   0.63067  -1.45461 1.53702   0.63305  -1.45342 1.53395   0.79292  -1.45592 1.37391   0.79045  -1.45536
107    1.91037   0.8513   -1.45582 2.06994   0.8492   -1.45487 2.07145   1.00917  -1.45348 1.91193   1.01091  -1.45547
142    0.8236    1.70248  -1.90473 0.98448   1.70398  -1.9011 0.98292   1.86437  -1.90058 0.82218   1.86275  -1.90522
115    -0.77206  0.83391  -1.71677 -0.7729   0.8493   -1.55751 -0.77281  1.00857  -1.57179 -0.77197  0.99266  -1.73225
206    -0.10072  2.57334  -1.90634 0.05966   2.59009  -1.90459 0.0434    2.74991  -1.90161 -0.11709  2.73365  -1.90551
140    0.39108   2.73161  -1.89888 0.55225   2.73603  -1.89893 0.54887   2.89632  -1.89681 0.38736   2.89209  -1.89785
145    1.6754    1.70301  -1.90166 1.83584   1.70083  -1.89878 1.83782   1.86123  -1.89766 1.67706   1.86284  -1.90112
217    2.22381   1.70709  -1.74362 2.22222   1.70849  -1.5833 2.22224   1.86763  -1.58436 2.22279   1.86693  -1.74491
108    2.58117   2.18072  -1.89072 2.7419    2.17621  -1.89246 2.74674   2.33669  -1.89321 2.58607   2.34062  -1.89088
103    2.88405   2.71128  -1.88565 3.0451    2.70691  -1.88744 3.05068   2.86635  -1.88616 2.88952   2.8698   -1.88273
102    3.47479   2.80231  -1.88009 3.63945   2.80615  -1.88409 3.63768   2.96524  -1.88265 3.47342   2.96075  -1.87682
105    2.61611   1.51746  -1.88934 2.77667   1.51738  -1.89197 2.77608   1.67712  -1.89286 2.61503   1.6768   -1.89031
27     3.23891   1.76445  -1.88824 3.40079   1.76392  -1.89044 3.4024    1.92442  -1.89082 3.24083   1.92423  -1.88881
218    2.96927   1.19444  -1.88572 3.13041   1.18878  -1.88613 3.13599   1.34895  -1.88961 2.97453   1.35403  -1.88798
132    3.42172   1.1912   -1.88222 3.58394   1.19921  -1.88512 3.5758    1.35866  -1.8881 3.41414   1.35017  -1.88712
126    4.07347   1.60328  -1.76642 4.23457   1.60492  -1.76679 4.23228   1.76487  -1.76661 4.07163   1.76316  -1.76533
125    4.06205   2.62222  -1.74905 4.22269   2.62344  -1.75085 4.21213   2.7801   -1.74309 4.05299   2.77827  -1.73986
25     4.34128   1.54801  -1.34702 4.33843   1.54917  -1.18721 4.3375    1.70731  -1.18844 4.34098   1.70616  -1.34803
26     4.33801   0.81104  -1.19444 4.33735   0.81805  -1.03508 4.33364   0.97678  -1.04138 4.3392    0.96812  -1.20128
100    3.90359   1.80893  -0.33363 3.90036   1.81939  -0.17546 3.89833   1.97642  -0.18651 3.90169   1.96547  -0.34501
109    3.89844   0.9199   0.11864 3.90021   0.91937  0.27725 3.89568   1.07828  0.27776 3.89956   1.07807  0.11865
101    3.89597   1.44688  0.56319 3.89949   1.44407  0.72209 3.89876   1.60259  0.72387 3.8945    1.60476  0.56454
118    3.89184   1.72886  1.00852 3.89579   1.72719  1.16777 3.89592   1.88591  1.16926 3.89149   1.88733  1.0094
127    4.21794   2.4739   1.83267 4.06126   2.47251  1.83137 4.06225   2.63129  1.83145 4.21923   2.63237  1.83186
120    3.41841   2.23007  1.94555 3.25895   2.22456  1.94633 3.25314   2.38444  1.94465 3.41464   2.38947  1.94619
106    3.49249   1.45873  1.94567 3.33377   1.45845  1.9418 3.33234   1.61682  1.94543 3.49151   1.61735  1.9453
29     3.37364   2.77774  1.94425 3.21361   2.77682  1.9431 3.21257   2.93682  1.94018 3.37425   2.93683  1.94186
104    2.33028   2.85664  1.93639 2.1698    2.85313  1.93455 2.16733   3.01282  1.92888 2.32794   3.01641  1.93393
112    1.66623   2.78235  1.93621 1.50621   2.77283  1.93626 1.49718   2.93234  1.93209 1.6574    2.94186  1.93388
201    1.90528   1.74448  1.94751 1.74471   1.74276  1.94412 1.74229   1.90296  1.94452 1.90359   1.90472  1.94621
143    0.61124   1.70635  1.94981 0.45049   1.7033   1.94775 0.44735   1.86375  1.94657 0.60782   1.86689  1.94837
200    1.74842   1.31973  1.94513 1.58676   1.32429  1.94396 1.5915    1.48483  1.94404 1.75256   1.48062  1.94665
117    1.01086   0.84126  1.50878 0.85139   0.8377   1.5104 0.84821   0.99684  1.50938 1.0075    0.99977  1.5085
134    0.52151   0.42344  1.51004 0.36248   0.43325  1.51098 0.37258   0.59192  1.50984 0.53163   0.58239  1.50924
14     0.02752   0.8508   1.51438 -0.13205  0.85123  1.51492 -0.13068  1.0107   1.5142 0.02867   1.00975  1.51428
15     -0.45858  0.54575  1.50819 -0.61879  0.54566  1.51124 -0.61818  0.7053   1.51177 -0.45769  0.7047   1.50926
21     -0.40821  1.94826  1.94427 -0.56867  1.95155  1.94467 -0.56532  2.11166  1.94065 -0.40465  2.1078   1.9428
23     -0.92562  2.23803  1.93922 -1.08604  2.23476  1.93974 -1.08884  2.39518  1.93711 -0.92819  2.39753  1.93644
113    0.02253   2.71779  1.9363 -0.13734  2.73303  1.93771 -0.12248  2.89223  1.93095 0.03753   2.87688  1.93327
141    0.76137   2.72085  1.93805 0.6014    2.71479  1.9373 0.59531   2.87446  1.93304 0.7554    2.88037  1.93421
99     2.94466   1.77966  1.94765 2.78431   1.77531  1.94397 2.78002   1.93525  1.94219 2.94105   1.93912  1.94773
144    2.72393   1.10807  1.94442 2.56386   1.10243  1.93902 2.55737   1.2626   1.94061 2.71768   1.26765  1.94361
111    2.01914   0.80967  1.508 1.86001   0.81272  1.50692 1.86188   0.97211  1.50703 2.02103   0.96868  1.50576
149    -0.96761  1.66298  1.94548 -1.12847  1.66091  1.94523 -1.13005  1.82132  1.94262 -0.96914  1.82311  1.94422
16     -1.16895  1.20899  1.94601 -1.32924  1.20374  1.94608 -1.3346   1.36421  1.94508 -1.17389  1.36896  1.94574
114    -0.77772  0.8712   1.62633 -0.77885  0.86177  1.78345 -0.77992  1.02142  1.79336 -0.77821  1.0293   1.63602
122    -1.83342  0.71516  1.9387 -1.99378  0.71507  1.94109 -1.99211  0.87501  1.93912 -1.83152  0.874    1.93726
219    -1.59954  1.55032  1.94282 -1.76021  1.54806  1.941 -1.76222  1.70829  1.94077 -1.60148  1.71051  1.94099
137    -1.20362  2.71467  1.93171 -1.36425  2.71348  1.93243 -1.36573  2.8739   1.93056 -1.20504  2.87485  1.92905
19     -1.53004  2.04063  1.93996 -1.69072  2.03427  1.9399 -1.69734  2.19462  1.93946 -1.53636  2.20085  1.9384
128    -1.87158  2.59797  1.93169 -2.03282  2.59844  1.93113 -2.03185  2.75856  1.92604 -1.87111  2.7579   1.92602
20     -2.39856  2.22913  1.93056 -2.55749  2.20371  1.93081 -2.58195  2.36222  1.92832 -2.42306  2.38695  1.9297
208    -3.24267  1.66254  1.90012 -3.40281  1.66383  1.89971 -3.40172  1.82361  1.89852 -3.24146  1.82211  1.89737
133    -2.86744  2.69453  1.92554 -3.02907  2.69853  1.92474 -3.02517  2.85876  1.92195 -2.86397  2.85455  1.92345
22     -3.46437  2.21241  1.92399 -3.62392  2.19981  1.92313 -3.63656  2.35923  1.92247 -3.47641  2.371    1.92236
130    -2.55374  0.76594  1.93362 -2.71511  0.76649  1.93496 -2.71328  0.92638  1.93248 -2.5527   0.92505  1.93509
220    -3.79128  1.91584  1.91904 -3.95213  1.91449  1.91689 -3.95352  2.07404  1.91523 -3.79314  2.07532  1.91969
139    -4.29567  1.60479  1.9254 -4.45686  1.60539  1.92799 -4.45591  1.765    1.92762 -4.29479  1.76431  1.92637
136    -4.28698  2.80091  1.9251 -4.44659  2.79986  1.92526 -4.44851  2.95961  1.9258 -4.28711  2.96055  1.92261
18     -4.59373  2.59528  0.68327 -4.59018  2.59354  0.52277 -4.58935  2.75301  0.52254 -4.59137  2.75434  0.68321
10     -4.59316  2.23894  -0.19253 -4.58829  2.25093  -0.35151 -4.58801  2.40967  -0.33912 -4.5917   2.39767  -0.1796
12     -4.60424  1.42713  0.85108 -4.60354  1.42138  0.69167 -4.60023  1.58083  0.6852 -4.59867  1.58635  0.84569
131    -4.59973  1.55029  -0.04873 -4.59772  1.54932  -0.20866 -4.59585  1.70882  -0.20967 -4.59687  1.70991  -0.04944
8      -4.59909  1.41179  -0.87942 -4.59654  1.41212  -1.03937 -4.59595  1.5719   -1.0388 -4.59644  1.57082  -0.87869
9      0.22316   1.89108  -1.66422 0.22281   1.89172  -1.50357 0.22007   2.05144  -1.50421 0.22314   2.05126  -1.66527
214    0.22433   1.56919  -1.8237 0.22297   1.58435  -1.66377 0.2232    1.74422  -1.67918 0.22425   1.72919  -1.83877
216    1.22418   1.69949  -1.77031 1.21744   1.70651  -1.60153 1.21713   1.86478  -1.60928 1.2247    1.86006  -1.77867
17     0.22062   1.75737  1.64044 0.22461   1.75278  1.80317 0.22212   1.91101  1.80831 0.2196    1.91499  1.64512
129    3.91788   0.46414  0.66201 3.89928   0.47053  0.81568 3.90226   0.62765  0.81586 3.90129   0.62634  0.65576
121    -1.30792  0.62077  0.64983 -1.14672  0.61888  0.657 -1.13895  0.6183   0.49508 -1.30068  0.61868  0.48835
